epoch,acc,loss
0,0.50466776,1.4522280200603963
1,0.7457441,0.7989520452198567
2,0.804503,0.5970029674725119
3,0.8297639,0.5227741235023275
4,0.8649094,0.43045335573096694
5,0.8907194,0.34236548167900405
6,0.90005493,0.33030177394363147
7,0.91982424,0.255848485733654
8,0.9192751,0.2402931052096889
9,0.9236683,0.2540915334580736
10,0.9341021,0.21477063408614747
11,0.94398683,0.17428478920914794
12,0.9450851,0.1729791175766139
13,0.94783086,0.17029312783398282
14,0.94233936,0.1868741057990068
15,0.9544206,0.13637952201891748
16,0.96265787,0.13274301561868385
17,0.96265787,0.10584842981330002
18,0.96979684,0.10296536582200658
19,0.95881385,0.11600884977682743
20,0.96101046,0.1150649577218862
21,0.9560681,0.13089290885492888
22,0.96101046,0.12418058048214539
23,0.9725426,0.07186146762872218
24,0.96814936,0.11279857169704136
25,0.96979684,0.08975768426577847
26,0.96595275,0.09773322118798305
27,0.9670511,0.10012624259856513
28,0.97473913,0.08606930970535646
29,0.97144425,0.09681037971804089
30,0.9763866,0.07905566337155058
31,0.985173,0.0499602417277204
32,0.9835255,0.06365013958485073
33,0.9829764,0.04807428209911872
34,0.97583747,0.093442305671285
35,0.96650195,0.10488254484133469
36,0.9835255,0.05091083934844975
37,0.9725426,0.08491861252219705
38,0.9829764,0.061271896330829835
39,0.9840747,0.05530632593309924
40,0.98627126,0.038451918180145886
41,0.98627126,0.054923254413119224
42,0.98462385,0.04257672839918398
43,0.9835255,0.07913422406329775
44,0.985173,0.06414046785064902
45,0.9857221,0.05201162614299222
46,0.9796815,0.05539531562467413
47,0.9873696,0.04478497146725828
48,0.98077977,0.055888854305751114
49,0.98462385,0.05183154967970447
50,0.9840747,0.049759417776501655
51,0.985173,0.054492964701215195
52,0.9906645,0.03332321900811418
53,0.9884679,0.04851103303945918
54,0.98791873,0.04469722351170247
55,0.9802306,0.06367681385187937
56,0.9928611,0.019787031113948257
57,0.9934102,0.030497292863111224
58,0.9840747,0.04946189866285266
59,0.985173,0.06811816045810956
60,0.9884679,0.045885430559912524
61,0.99176276,0.033012549889491725
62,0.9835255,0.06636447045429933
63,0.9873696,0.03962395287156736
64,0.9884679,0.04439370066230631
65,0.9884679,0.04228738337127827
66,0.98956615,0.035098667539375156
67,0.9912136,0.02257370906823212
68,0.98791873,0.03316110406089918
69,0.9835255,0.061991339341682744
70,0.98170733,0.048422416714921264
