epoch,acc,loss
0,0.6227348,1.7482955187706422
1,0.8209775,0.6196379715403904
2,0.85777044,0.491338701927927
3,0.8649094,0.4529902091733641
4,0.9022515,0.3240077004822678
5,0.9214717,0.25458640084570744
6,0.9280615,0.23946083138427324
7,0.9362987,0.21188807081817795
8,0.9362987,0.20114227522339495
9,0.92202085,0.24274005120664116
10,0.96210873,0.12716666497095788
11,0.963207,0.11340545731806849
12,0.96814936,0.09345807645919711
13,0.97144425,0.08688790748400127
14,0.97693574,0.07747276771203522
15,0.9725426,0.08420551073693204
16,0.9796815,0.06898180781676956
17,0.985173,0.050162541167456554
18,0.97583747,0.07214866907441045
19,0.9829764,0.06244052032292517
20,0.9868204,0.04640722584920664
21,0.9868204,0.04043884109553455
22,0.98462385,0.04062956565406602
23,0.9868204,0.0476640589346453
24,0.99176276,0.024432565644659926
25,0.9928611,0.023401903021295856
26,0.9928611,0.021444467475089452
27,0.989017,0.04138855617623088
28,0.98956615,0.024614323006098938
29,0.996156,0.010224462569068601
30,0.99395937,0.020521897035516996
31,0.9956068,0.013336772582323207
32,0.9945085,0.02153330330309883
33,0.9945085,0.018717491385524036
