epoch,acc,loss,val_acc,val_loss
0,0.3335488,1.5257587417449656,0.4270073,1.2926345306591396
1,0.38914028,1.3243393844839983,0.39051095,1.2427907847139956
2,0.38655463,1.317831151548631,0.38686132,1.388975044236566
3,0.41435036,1.2847554212858696,0.3759124,1.3290627524800545
4,0.43891403,1.2443002466240003,0.47080293,1.6874871375786997
5,0.4479638,1.2214983173085554,0.3540146,2.261836643854197
6,0.44085327,1.2289191192785385,0.4379562,1.191679571884392
7,0.479638,1.1998485598397701,0.45620438,1.166152547745809
8,0.4692954,1.2082676250239535,0.41970804,1.1809548565941135
9,0.48222366,1.165897628994395,0.50364965,1.1190366971231724
10,0.54234004,1.0967466636634906,0.48540145,0.9484629918188945
11,0.5817712,0.9892328756812625,0.6678832,0.7967906267973628
12,0.6431804,0.8801062276614583,0.649635,0.8164184241399278
13,0.66257274,0.8328141745399026,0.59489053,0.9668054830853956
14,0.70006466,0.7633551533906476,0.75547445,0.6739005359419941
15,0.7504848,0.7050175128363761,0.81751823,0.5531754250073955
16,0.79379445,0.6333930681194115,0.6423358,0.8731402283276084
17,0.80930835,0.56712624168658,0.75547445,0.7452191839633632
18,0.8209438,0.5644009615154365,0.81386864,0.5155162164112077
19,0.822883,0.5449911903664614,0.7007299,0.989170659197508
20,0.82482225,0.5398821299335766,0.850365,0.4784424928200506
21,0.8474467,0.5111898516425797,0.71532845,1.0414313149441332
22,0.8532644,0.4634099328756795,0.8576642,0.4641772449886712
23,0.8603749,0.4764684696658319,0.8978102,0.32461322289313715
24,0.8532644,0.45733204354913143,0.91240877,0.281715592981255
25,0.8539108,0.4472298192338321,0.90510947,0.2877935756297007
26,0.86166775,0.4567787433988291,0.8759124,0.39453085919801334
27,0.8590821,0.438597855770403,0.7919708,0.63037982354634
28,0.8687783,0.415575576641518,0.86496353,0.3430885311732762
29,0.8810601,0.4101877511896159,0.8759124,0.41933733203115253
30,0.88170654,0.38834886779766664,0.89416057,0.32848089520078505
31,0.8894635,0.3750273017688343,0.8686131,0.42075256592709653
32,0.89269555,0.34962164980986077,0.8759124,0.40554396668109144
33,0.88170654,0.34826647932866966,0.89416057,0.30748027946500883
34,0.8939884,0.3425395491725025,0.9087591,0.294476143200032
35,0.89334196,0.31946119182558314,0.8978102,0.3433869622484611
36,0.8959276,0.3306399256222157,0.91240877,0.29002608239215655
37,0.89722043,0.32628703167458545,0.89416057,0.32005568949954355
38,0.8939884,0.32651607680682915,0.90510947,0.30058204322835824
39,0.89269555,0.32922500165320245,0.90510947,0.3065504600858166
40,0.8946348,0.3372427479935293,0.9160584,0.31527994722671754
41,0.89786685,0.3236116506279709,0.91240877,0.3011743115247601
42,0.90950227,0.30151636677938043,0.90510947,0.3139068668123579
43,0.9101487,0.27529306290761535,0.9014599,0.33390135266376236
44,0.9056238,0.3035700502332827,0.91240877,0.31232759206943267
45,0.90368456,0.29532964484261637,0.91240877,0.3161626948302027
46,0.9010989,0.31206402646855685,0.9087591,0.3155253079250781
47,0.89334196,0.33149871234941575,0.9160584,0.30483441971188047
48,0.90239173,0.3111127433406205,0.9160584,0.3068141481791535
49,0.90885586,0.3067058049089383,0.91240877,0.30024406123552877
50,0.9049774,0.30336271839020096,0.91240877,0.3130686783714451
51,0.9056238,0.3061033796227664,0.9160584,0.309991342960483
52,0.9101487,0.29989154466849877,0.9087591,0.3215223556778727
53,0.9056238,0.3054215107703101,0.919708,0.29190779961373686
54,0.9069166,0.2982504897123009,0.8978102,0.3144511590800146
55,0.9159664,0.28113701809546837,0.9087591,0.30643518478439674
56,0.9114415,0.2974613217881362,0.91240877,0.29751048003235003
57,0.91402715,0.27389503254494363,0.919708,0.2972944700533021
58,0.91402715,0.2791882435313794,0.91240877,0.2959083371190694
59,0.9107951,0.2886724469252533,0.8978102,0.3586617532410543
60,0.9127343,0.29216833703060957,0.9087591,0.2970869358710564
61,0.90950227,0.2879920449221065,0.9160584,0.29947736432408767
62,0.90885586,0.3028112882248571,0.89416057,0.3061635032241797
63,0.9049774,0.2938629404798815,0.91240877,0.2982467533136806
64,0.9062702,0.2941408220343846,0.90510947,0.33825295811423856
65,0.9166128,0.291501889025772,0.91240877,0.32589036428852236
66,0.90368456,0.31384748519044886,0.91240877,0.2987678308230247
67,0.9069166,0.3007868746104129,0.919708,0.30654443803168563
68,0.90950227,0.28606289067457935,0.9087591,0.330220573629341
69,0.90756303,0.2860684075429506,0.9160584,0.31736032176681245
70,0.9114415,0.2923146362411028,0.8978102,0.33273640914011177
71,0.9101487,0.28669704619190656,0.919708,0.3001320459302107
72,0.90820944,0.29236185605593784,0.91240877,0.3319807528878433
73,0.90756303,0.27698161545960304,0.9087591,0.32692732324782947
74,0.9127343,0.27067422365941923,0.9306569,0.2766372367032688
75,0.9101487,0.2951148662670397,0.919708,0.28777163785739535
76,0.91855204,0.2747962486718883,0.9270073,0.2836330587411449
77,0.90885586,0.29886886083991127,0.9087591,0.31470033510105455
78,0.9179056,0.2721238607503402,0.919708,0.307466310605298
79,0.91919845,0.28436050097365956,0.9270073,0.2863699612717559
80,0.91467357,0.2634934338403272,0.92335767,0.3109440785581178
81,0.91984487,0.26271793296357165,0.92335767,0.303236379553258
82,0.9114415,0.2845181911104944,0.92335767,0.2810120938250618
83,0.90950227,0.28264315280901975,0.919708,0.304915924930442
84,0.91338074,0.2762999263554137,0.92335767,0.29271995907064774
85,0.90885586,0.2732521198164978,0.92335767,0.2936936654966243
86,0.92372334,0.26190086111484145,0.92335767,0.3012819210216947
87,0.91532,0.26269202725149077,0.9160584,0.3068765399936777
88,0.91402715,0.2747628573465517,0.9160584,0.2955063853385675
89,0.91855204,0.26053686919679314,0.9306569,0.28950936272468447
90,0.9159664,0.27741064282968575,0.9270073,0.26953381115067615
91,0.9069166,0.2800245404884017,0.93430656,0.28637797142086674
92,0.9159664,0.25991232444682116,0.9306569,0.27295168663245917
93,0.9127343,0.26203360290067307,0.90510947,0.34013987237410825
94,0.9230769,0.25171694891562213,0.9306569,0.2889564853351917
95,0.9224305,0.2592932526515851,0.9270073,0.2890109282775517
96,0.91402715,0.27005375248910385,0.9270073,0.3035950347454879
97,0.91919845,0.2539252988613646,0.9270073,0.2832886912200573
98,0.9204913,0.25452027923072934,0.9270073,0.30600708005202076
99,0.91855204,0.27976839764509653,0.919708,0.30032216697713754
100,0.91855204,0.2705386848548342,0.93430656,0.29552184415124627
101,0.91855204,0.2419144332110304,0.9306569,0.31905344271366176
102,0.9127343,0.26749083678145985,0.93430656,0.2969028293597002
103,0.90820944,0.2854854013835837,0.919708,0.301446734553706
104,0.91338074,0.27427907137329066,0.93430656,0.29262600742606787
105,0.9224305,0.2686563896878581,0.93430656,0.285637654907947
106,0.91919845,0.2708450708256549,0.9306569,0.2778242724764086
107,0.91855204,0.2651976691227847,0.93430656,0.28653105296684006
108,0.9211377,0.2611908531508757,0.9306569,0.29679153468051966
109,0.91532,0.26674387702488406,0.93430656,0.2923103308400316
110,0.92436975,0.253780367716174,0.93430656,0.28068846284690563
111,0.91919845,0.24949480024417447,0.93430656,0.30134155677400365
112,0.91855204,0.25308370498703153,0.9306569,0.32337839382082006
113,0.93018746,0.23750976698970364,0.9270073,0.2943788562105955
114,0.90950227,0.27818120119258827,0.9270073,0.3070967008434508
115,0.9256626,0.25228221205429796,0.9306569,0.29071332802520183
116,0.9204913,0.25169579522430163,0.9306569,0.28399206567419705
117,0.92954105,0.23449396939723047,0.9270073,0.26991118580429224
118,0.9224305,0.2539653050356244,0.919708,0.29250575039182264
119,0.91984487,0.24641200151166842,0.9306569,0.2932705380783899
120,0.9224305,0.24037664091791272,0.9270073,0.300888346331398
121,0.92372334,0.25567223144660245,0.9270073,0.28803005446102065
122,0.91984487,0.2475279557392839,0.9270073,0.2865236365936533
123,0.9224305,0.24322313838954426,0.9306569,0.2991608678478829
124,0.91919845,0.25429862211250687,0.9160584,0.3320087754595889
125,0.926309,0.2345869748623778,0.93430656,0.29962801601547395
126,0.92889464,0.23889746076265458,0.9270073,0.27979737057955595
127,0.9224305,0.24941067140893775,0.92335767,0.3352194507300419
128,0.9107951,0.2631325911641429,0.93430656,0.3155831439271025
129,0.9179056,0.24333309109606277,0.9306569,0.30908850203846056
130,0.91984487,0.25303085657882934,0.9270073,0.27763644013091593
131,0.9114415,0.2671411362149751,0.919708,0.3285139379547025
132,0.91467357,0.25635646692999114,0.9270073,0.2862536118630945
133,0.92372334,0.24795854546288637,0.92335767,0.2997631299560958
134,0.9314803,0.23010026784186297,0.9270073,0.281924721424597
135,0.9269554,0.257110439062735,0.890511,0.34825946499396415
136,0.9172592,0.2741416830282945,0.9087591,0.318747942519449
137,0.9179056,0.2382918213167226,0.9306569,0.32749808905986105
138,0.92501616,0.23939142337414474,0.9270073,0.30053193763877356
139,0.92501616,0.239050292167343,0.9270073,0.28692938260951617
140,0.92436975,0.2498897046053032,0.9270073,0.3126446795071999
141,0.9217841,0.24463544892413275,0.91240877,0.3230857487196905
142,0.92372334,0.2553782282757158,0.9270073,0.28890743324138823
143,0.92436975,0.24813329296953537,0.9306569,0.30413218122655455
144,0.92954105,0.22573029853369855,0.9306569,0.29010525764557565
145,0.91855204,0.2510259190084245,0.9306569,0.27556224847144456
146,0.926309,0.22386675957486796,0.9306569,0.29578643566826834
147,0.91919845,0.23788381186593865,0.90510947,0.34171615739482164
148,0.92436975,0.23875326172490233,0.919708,0.30261118013928406
149,0.91919845,0.24896089492923187,0.919708,0.29503391742923835
150,0.9224305,0.23788960243117138,0.9270073,0.28984541962616633
151,0.91532,0.270712730504269,0.9306569,0.2990681458618084
152,0.91984487,0.24517522900622354,0.9306569,0.32165718615653305
153,0.9224305,0.23222590867567233,0.919708,0.3004075434385207
154,0.92372334,0.24461982103513763,0.9270073,0.2734548776906772
155,0.92501616,0.2361151823375444,0.9160584,0.2812137070798526
156,0.9327731,0.22211415592265576,0.9160584,0.35848156510288043
157,0.93535876,0.21121908606794007,0.9160584,0.3338161453495931
158,0.9256626,0.21729805860391493,0.92335767,0.3038026184033956
159,0.9159664,0.25274950025558623,0.92335767,0.3022307139161947
160,0.9256626,0.22690185313561537,0.9306569,0.287094818904017
161,0.9276018,0.22915509248750782,0.919708,0.3160515101558536
162,0.9204913,0.24596692857699157,0.92335767,0.3158419710876298
163,0.9204913,0.23214109852890777,0.92335767,0.2977613592860255
164,0.9282482,0.22570872819261853,0.92335767,0.2985045388069031
165,0.9230769,0.22646036861631744,0.9270073,0.32474734638239783
166,0.9314803,0.2120710295500413,0.92335767,0.2916203021296184
167,0.9230769,0.23383313506051812,0.92335767,0.31077572944009824
168,0.93535876,0.22027471753315303,0.92335767,0.3268497904939373
169,0.9314803,0.2244299134093866,0.92335767,0.2889368352582202
170,0.926309,0.2276730896169398,0.92335767,0.28582363836739183
171,0.92501616,0.22026324575091458,0.93430656,0.29387735934370623
172,0.9327731,0.23159420160479174,0.919708,0.31848923757291625
173,0.92501616,0.23449069044583445,0.9306569,0.294141973511581
174,0.9321267,0.21378834826634557,0.919708,0.318212495396172
175,0.92954105,0.21782282288604654,0.9160584,0.33373403339816704
176,0.9224305,0.22918929058983778,0.8978102,0.3294779277902885
177,0.92889464,0.20897563981192105,0.90510947,0.3181961830841364
178,0.92954105,0.22324081552687505,0.9270073,0.31985289288045715
179,0.93406594,0.21552956880641586,0.919708,0.3033454774396263
180,0.9360052,0.19668328416255035,0.9306569,0.3065490583433722
181,0.92436975,0.23517480107300037,0.9379562,0.28266995557903374
182,0.9282482,0.2215032420700877,0.92335767,0.3192056703523998
183,0.9334195,0.21082175147864768,0.9306569,0.28711406266602285
184,0.9282482,0.22025072066993504,0.93430656,0.298577241545176
185,0.92372334,0.23235417283835455,0.9270073,0.31534592187317617
186,0.9256626,0.23420905405637443,0.9014599,0.35401304028112524
187,0.93988365,0.20366093304920904,0.9270073,0.2921222870911125
188,0.93018746,0.2048743397103407,0.92335767,0.3106500335907849
189,0.9366516,0.21091074739723106,0.919708,0.309166834628495
190,0.93018746,0.20833413374177395,0.9306569,0.2886534041731897
191,0.9334195,0.21081582072498573,0.919708,0.3012557540931841
192,0.9230769,0.23604711688424052,0.919708,0.31468495234412
193,0.9256626,0.2227737590160074,0.919708,0.30823898436433644
194,0.9308339,0.21081457457083153,0.9087591,0.3390059752498556
195,0.9314803,0.21658349622573173,0.9306569,0.29795064556881456
196,0.94053006,0.1928027665511053,0.919708,0.32459146008711226
197,0.93406594,0.20255211979613122,0.90510947,0.32276463013713375
198,0.9256626,0.22457703306510052,0.92335767,0.3063338016887216
199,0.9360052,0.21086604278907903,0.9306569,0.27497175482720354
200,0.93535876,0.20430110411329583,0.94160587,0.2834226099950989
201,0.9327731,0.20456882181885017,0.9379562,0.30272485378341085
202,0.9321267,0.21492918741991038,0.92335767,0.3042314366920151
203,0.92501616,0.21835873483932433,0.9306569,0.30819287792827094
204,0.9314803,0.20955665142750385,0.9270073,0.28117817099185755
205,0.92889464,0.20748647057247224,0.919708,0.31677409302252924
206,0.93471235,0.19571000636201868,0.92335767,0.32355502326666874
207,0.9334195,0.2046751752832896,0.9087591,0.3241579935879168
208,0.9321267,0.21447445457992664,0.90510947,0.32810523616571496
209,0.93471235,0.2127811522274227,0.9379562,0.298881671806104
210,0.93923724,0.18675784439175994,0.94160587,0.2929219771040617
211,0.9411765,0.1787058001284204,0.9270073,0.2927993743741599
212,0.92889464,0.2053971206113147,0.9014599,0.3693578114366009
213,0.92889464,0.2212799900122897,0.9270073,0.30689118098277246
214,0.9321267,0.19744292203681307,0.9270073,0.2842617560667496
215,0.92954105,0.21748699322968973,0.9306569,0.30592340007968194
216,0.93535876,0.21223327336181497,0.9306569,0.2950812725037554
217,0.9379444,0.20773651418122616,0.93430656,0.29294710106005634
218,0.9424693,0.19679759478927353,0.92335767,0.29070422896285997
219,0.9385908,0.20087062645975667,0.93430656,0.3052337150069049
220,0.93471235,0.19317541709235966,0.90510947,0.32318877553852804
221,0.9314803,0.2082218030093174,0.93430656,0.2944525429693452
222,0.92436975,0.2270036766241752,0.92335767,0.3192370852088406
223,0.9411765,0.20988768580446107,0.9306569,0.30156474754921275
224,0.9379444,0.19858843761206674,0.93430656,0.301523860353623
225,0.9327731,0.19933493078024678,0.92335767,0.28581389390530376
226,0.9385908,0.1975425395635381,0.92335767,0.30425968363772343
227,0.9334195,0.20258641248399123,0.9306569,0.3078503784907125
228,0.9366516,0.20554203705039809,0.9379562,0.2892265060957331
229,0.93471235,0.200973602441641,0.92335767,0.29380934639242445
230,0.9327731,0.20490098163442183,0.9306569,0.3207141584614768
231,0.93535876,0.2039991017146868,0.9270073,0.2991472667586194
232,0.93406594,0.19812032477791724,0.9270073,0.2801888927164739
233,0.937298,0.1927540204749619,0.919708,0.2947608993191571
234,0.9431157,0.18660954412003064,0.9306569,0.2895755104067987
235,0.9334195,0.19963013860935847,0.9160584,0.32283612936191314
236,0.937298,0.19166175582829645,0.9379562,0.3040303629789039
237,0.9314803,0.21808965724749033,0.9306569,0.3164721600521002
238,0.94053006,0.19089246261443488,0.9270073,0.27873554317294247
239,0.9431157,0.19252887826217863,0.9270073,0.31066681607796326
240,0.9385908,0.18592965085861293,0.93430656,0.2852334549283459
241,0.9424693,0.19108204811729573,0.9379562,0.30019645099222225
242,0.9385908,0.18844699011615923,0.9379562,0.3009137877256331
243,0.9411765,0.18513231058909035,0.9306569,0.32414472728532595
244,0.9360052,0.1991562540146252,0.9379562,0.31135546932690333
245,0.9469942,0.17570275141729336,0.92335767,0.3165035984703224
246,0.9327731,0.20253523064954249,0.93430656,0.3180166754300577
247,0.93471235,0.18386938441701295,0.919708,0.31642313932415345
248,0.9411765,0.18523341600807852,0.9306569,0.28544706766949085
249,0.937298,0.18321262898300453,0.92335767,0.33132024245323055
250,0.9256626,0.22242773717248832,0.93430656,0.30307908519341126
251,0.9360052,0.20290170358909318,0.9270073,0.29023929402558474
252,0.93018746,0.213395238722149,0.94160587,0.2760122418947463
253,0.9282482,0.20395338846191177,0.9270073,0.32911156302821026
254,0.9418229,0.17831789304844856,0.9270073,0.3063036313103716
255,0.9327731,0.189560565317282,0.9306569,0.27328932094965536
256,0.9334195,0.1999009938184569,0.919708,0.3048639138140818
257,0.93988365,0.18391146540940387,0.9160584,0.3176845663981716
258,0.9321267,0.19223789490744925,0.9014599,0.3645114205288191
259,0.93471235,0.1902328112536503,0.93430656,0.3095965190743008
260,0.9424693,0.18788378220232133,0.93430656,0.2933969868034342
