epoch,acc,loss,val_acc,val_loss
0,0.33031675,1.479748158048027,0.3540146,1.250433729512848
1,0.35552683,1.3654074203451758,0.3759124,1.4122180503650303
2,0.35681966,1.292497150421759,0.39781022,1.2717731581987255
3,0.39883646,1.2747784769758534,0.459854,1.2203597552584906
4,0.3749192,1.2930962982375003,0.44160584,1.2128677890248543
5,0.3897867,1.267578490950172,0.45255473,1.2240141952124826
6,0.42340013,1.2247968922912804,0.4452555,1.2036176049796334
7,0.42016807,1.2267345384235295,0.42335767,1.1874242699059256
8,0.4473174,1.2043489858113186,0.45620438,1.2451799873017917
9,0.46606335,1.1859677217048294,0.48540145,1.1455692835967906
10,0.49579832,1.1367583267906056,0.57664233,1.0809727837569523
11,0.55785394,1.0411253219738883,0.6131387,0.9585683580732693
12,0.58047837,0.9977108507520087,0.56569344,1.014312665827953
13,0.64188755,0.9057224968516912,0.6423358,0.9305945621789807
14,0.6496445,0.8787591754041646,0.6970803,0.7701403485597486
15,0.6851972,0.8285964409921273,0.6970803,0.7829867505679166
16,0.69941825,0.7856861437299442,0.73722625,0.70258715291963
17,0.7078216,0.7533640981722278,0.7481752,0.6736212159595351
18,0.71040726,0.7321398537931091,0.7919708,0.613388337358071
19,0.75242406,0.6830103824658015,0.6423358,0.8254726026615087
20,0.77892697,0.6214353941530278,0.7189781,0.771781153487463
21,0.7756949,0.6197621768801614,0.78467155,0.5863172812183408
22,0.8125404,0.5629146296937927,0.6678832,1.0064241171535784
23,0.8157725,0.5412440796821597,0.7189781,0.7657985805268706
24,0.82999355,0.5169673327696115,0.8211679,0.5128211433435008
25,0.8371041,0.5162333950313662,0.84671533,0.506748085691981
26,0.8435682,0.4704064899247619,0.8613139,0.4125267245473653
27,0.852618,0.46340513866064853,0.72627735,0.709224724149617
28,0.8429218,0.47262670859723377,0.8613139,0.41269202777830355
29,0.8681319,0.4230335252510014,0.8430657,0.48129109143666976
30,0.863607,0.4428349042909717,0.86496353,0.47374231923018056
31,0.8552036,0.42235678854340036,0.8722628,0.3826606385681751
32,0.86619264,0.41251781095438184,0.7518248,0.707700583403998
33,0.863607,0.43139197062351814,0.8759124,0.3510116255658604
34,0.8687783,0.4097646519387624,0.89416057,0.3070981903341565
35,0.88235295,0.36139070127537426,0.89416057,0.33643339052252524
36,0.8810601,0.37092131593956357,0.90510947,0.35414494737221375
37,0.8758888,0.37283459073624925,0.8978102,0.29528768121326054
38,0.8739496,0.3910376552851183,0.8832117,0.41634875633855806
39,0.87718165,0.35663087150706885,0.8868613,0.3653876855425591
40,0.885585,0.3684221207662097,0.7992701,0.5227308595267526
41,0.8804137,0.3632441418776415,0.8722628,0.3666275381824396
42,0.88687783,0.36080010707773696,0.879562,0.313177195615577
43,0.89915967,0.32019789685490985,0.90510947,0.2848563361777006
44,0.89915967,0.3055544704362586,0.90510947,0.3031561873363752
45,0.90950227,0.30030916995322543,0.890511,0.2990299543760119
46,0.9010989,0.31969862899898943,0.90510947,0.27971282177162865
47,0.90756303,0.29252715976625854,0.9087591,0.27983746983545976
48,0.8998061,0.2915598311676429,0.8978102,0.2841261566011575
49,0.90820944,0.30163613455905863,0.890511,0.31009024430582993
50,0.91338074,0.2883776677525575,0.9014599,0.3006504587285275
51,0.91338074,0.278636837923573,0.9087591,0.2540928756369509
52,0.91532,0.256590886367816,0.91240877,0.2865237611597472
53,0.9211377,0.26380695554812494,0.9087591,0.2982586367178137
54,0.9204913,0.25738743117829255,0.8832117,0.3727112152973992
55,0.91467357,0.2887492233426169,0.9014599,0.2789820620287074
56,0.9166128,0.24995528043530105,0.919708,0.2529199768374436
57,0.90820944,0.28235567452623217,0.89416057,0.28771285501981736
58,0.9159664,0.2536497103663206,0.879562,0.39367785645363323
59,0.91532,0.2614903889822821,0.9087591,0.2864714496272759
60,0.91984487,0.24998022020152097,0.9014599,0.2540747688090714
61,0.90756303,0.28177204967970687,0.8613139,0.4524583768806536
62,0.9276018,0.22335332620506065,0.9014599,0.2894655567777418
63,0.93018746,0.225232443923363,0.91240877,0.28869191234944946
64,0.91984487,0.2515239274031745,0.91240877,0.3043753756822026
65,0.9256626,0.24471977548872414,0.90510947,0.27361060426074224
66,0.9276018,0.23194789127449722,0.92335767,0.2333981981297044
67,0.9366516,0.21113696755057546,0.90510947,0.3066583070564118
68,0.9334195,0.2054030188945084,0.9087591,0.3288020725654316
69,0.9282482,0.23559051155369745,0.91240877,0.27076714654473494
70,0.92436975,0.2302518844888645,0.9160584,0.23315460667231658
71,0.93535876,0.20510537017909805,0.919708,0.23705165542281456
72,0.9269554,0.2119800892610972,0.92335767,0.2441975211411932
73,0.9379444,0.21011816549374354,0.92335767,0.22907520232409456
74,0.9308339,0.22373666592621388,0.9014599,0.24904903240610649
75,0.93471235,0.20541095792158773,0.92335767,0.240197472396667
76,0.92954105,0.20653718335971805,0.9160584,0.2615288461483743
77,0.937298,0.19643932644280218,0.919708,0.23695140560395525
78,0.92501616,0.2193720655512178,0.91240877,0.24622587144483615
79,0.94053006,0.1924767545300988,0.90510947,0.28372686021845706
80,0.93018746,0.19266753003564702,0.9160584,0.224326515284768
81,0.9327731,0.20794566412490648,0.91240877,0.2510819685285109
82,0.94440854,0.1933803291823992,0.919708,0.2355545119103724
83,0.93535876,0.19847606536200837,0.92335767,0.22547603590264373
84,0.9418229,0.19186431301472337,0.9014599,0.2861780701273114
85,0.93988365,0.19374383333408224,0.9160584,0.2469767800593463
86,0.93471235,0.18713907345541847,0.9087591,0.256041150662477
87,0.93471235,0.18536646380471505,0.919708,0.2453321216451208
88,0.9366516,0.19592575505905638,0.91240877,0.25558921169272086
89,0.9385908,0.1886586707516416,0.9160584,0.26837319706695795
90,0.9418229,0.18592349181834272,0.9087591,0.28012644839439077
91,0.9431157,0.18673852410193945,0.8978102,0.27067104597868274
92,0.9411765,0.18610514142221224,0.90510947,0.25512761940812545
93,0.94440854,0.17848677939958701,0.9014599,0.26601448625897184
94,0.937298,0.17849392188880317,0.9087591,0.26051852015275373
95,0.94570136,0.17115959127535338,0.9160584,0.21541030729447838
96,0.9360052,0.1896377887694814,0.9087591,0.25174165549722033
97,0.9437621,0.1723889701487406,0.91240877,0.2762157680045297
98,0.948287,0.17907501042669408,0.9087591,0.22822301906880235
99,0.9418229,0.18008861664993267,0.9087591,0.2871437832223673
100,0.94440854,0.1649496523156502,0.91240877,0.25505816714878937
101,0.9379444,0.1856791610072795,0.9014599,0.282788582628824
102,0.9424693,0.18863052974979416,0.90510947,0.2672934260654406
103,0.93923724,0.18950040401492338,0.9270073,0.22652294776354828
104,0.9469942,0.17502517079297542,0.9087591,0.24071557115573083
105,0.9379444,0.18627987254432654,0.919708,0.22748043321508127
106,0.937298,0.20487019978945264,0.9160584,0.24342246776460297
107,0.9541047,0.16298858673054709,0.91240877,0.26785877988721335
108,0.94505495,0.16738178173071658,0.9306569,0.23055140839984817
109,0.9411765,0.17967125367428613,0.91240877,0.2579381784125075
110,0.9437621,0.16237921000451677,0.93430656,0.22110230430797503
111,0.9476406,0.1638695441701756,0.9306569,0.2323028073122684
112,0.94570136,0.15868298205021472,0.9270073,0.24604086802905276
113,0.9463478,0.152790682675689,0.92335767,0.23739879809483125
114,0.9469942,0.1729655517078575,0.9087591,0.26743991342611123
115,0.94505495,0.15729749990650047,0.9270073,0.21501433775916587
116,0.9321267,0.18911834440658226,0.919708,0.25735708537518326
117,0.94440854,0.15843072465218186,0.9160584,0.25046486243007393
118,0.9469942,0.15613885116104204,0.8978102,0.2881897692058752
119,0.9463478,0.1634606528646748,0.9160584,0.2500905573340881
120,0.9411765,0.17441838620677252,0.9087591,0.24653198461245446
121,0.9566904,0.1502077396683342,0.8978102,0.27494328551973307
122,0.9515191,0.17057386498462407,0.9087591,0.25484546387472945
123,0.9528119,0.15366062997288293,0.91240877,0.25127457314082524
124,0.94570136,0.15979297207000184,0.919708,0.2499068079407524
125,0.95475113,0.12660251916389198,0.9087591,0.2785493925988783
126,0.9463478,0.1626432986030597,0.91240877,0.26351740381197775
127,0.94570136,0.16018021857075793,0.9087591,0.25243551721184576
128,0.9469942,0.16319804106439864,0.9014599,0.3008852857233018
129,0.9489334,0.16547755508743223,0.91240877,0.25332474476066386
130,0.948287,0.1697799414035075,0.9160584,0.2552329065944374
131,0.9431157,0.15925559442931017,0.9014599,0.2786772231958861
132,0.948287,0.16314113320711743,0.8978102,0.2875738837076419
133,0.9489334,0.1559901452540831,0.91240877,0.26419911847660577
134,0.9515191,0.1505004415467969,0.9160584,0.25882455875186156
135,0.9528119,0.13922889603141747,0.9014599,0.3227895166398618
136,0.95475113,0.13867918976522986,0.9087591,0.294858980400447
137,0.9521655,0.1409651858620129,0.9160584,0.261104637947287
138,0.9431157,0.1611506244445818,0.91240877,0.2700362925546883
139,0.9521655,0.15120011559882007,0.919708,0.2469303181571682
140,0.9534583,0.15010431817773087,0.90510947,0.29990097976214913
141,0.9528119,0.14492387984383853,0.92335767,0.26542417823343817
142,0.95539755,0.1414692968072318,0.91240877,0.2864427446136183
143,0.95022625,0.15071390192587297,0.91240877,0.2707374640026667
144,0.9476406,0.15579947008334133,0.90510947,0.28267428164717057
145,0.9463478,0.14800357891628357,0.9087591,0.26619747266798777
146,0.9489334,0.15876565747801033,0.9160584,0.25093455349237925
147,0.9489334,0.14873209835524395,0.90510947,0.28974124746410734
148,0.9541047,0.14072109847952646,0.91240877,0.2507428088137051
149,0.9515191,0.14398321725786908,0.91240877,0.25349808629792536
150,0.95539755,0.13896766356984183,0.9087591,0.2928494692433381
151,0.9534583,0.14693018029496296,0.919708,0.23273374628357207
152,0.9489334,0.1463034319430686,0.92335767,0.22166521012456747
153,0.9573368,0.13025451037351285,0.91240877,0.24473697846469872
154,0.95022625,0.15032636243717548,0.9160584,0.2508404876758093
155,0.959276,0.12542984517846248,0.91240877,0.24973827447524688
156,0.9521655,0.14086022445210813,0.9014599,0.2949594077858122
157,0.9515191,0.13157271276184182,0.9087591,0.2825374679000926
158,0.94957983,0.14558264684430539,0.9160584,0.2490173113892657
159,0.96121526,0.12155090998220074,0.9160584,0.27031031762501295
160,0.95604396,0.13834389013797527,0.9160584,0.2587894299917304
161,0.9528119,0.12990001963515319,0.90510947,0.2774173973814795
162,0.9566904,0.13600310356354398,0.9014599,0.2874966672431324
163,0.9521655,0.13971505182630875,0.9014599,0.3357454198021714
164,0.9579832,0.1317039204468805,0.91240877,0.26158880180658867
165,0.9515191,0.13687650071253546,0.9270073,0.24156487935025545
166,0.9541047,0.13164509431192314,0.91240877,0.2328366200426036
167,0.94957983,0.13996044285812143,0.9379562,0.22330465979439063
168,0.959276,0.13719789848531072,0.90510947,0.29427176469896177
169,0.94440854,0.15635260755139624,0.919708,0.2681572461215249
170,0.9528119,0.1360051033232161,0.93430656,0.2497547238616504
171,0.95604396,0.13260522906794306,0.93430656,0.22475094935537254
172,0.9534583,0.14253243651787698,0.93430656,0.2574318743949878
173,0.94957983,0.15058609920071647,0.9306569,0.25007325506694345
174,0.95087266,0.13347369367431347,0.9014599,0.29604735534746934
175,0.9521655,0.150573869379094,0.9270073,0.2408791250501671
176,0.9489334,0.15055157982039313,0.9087591,0.24531353324869254
177,0.9521655,0.13693412580679676,0.919708,0.2623629842878041
178,0.96186167,0.1138416126697928,0.919708,0.2718771057217008
179,0.9573368,0.13271634216386038,0.90510947,0.27199765883494903
180,0.95992243,0.1164101298294032,0.90510947,0.28939670829415104
181,0.95992243,0.12871545574398446,0.90510947,0.26949811871605417
182,0.959276,0.12668470621503933,0.8978102,0.30262853930547945
183,0.96186167,0.1128317862201263,0.91240877,0.28852530178634356
184,0.9573368,0.11795864768119188,0.90510947,0.3031706129384302
185,0.9541047,0.14267655091183218,0.90510947,0.3517796766475169
186,0.9586296,0.13446587477657165,0.9270073,0.2685769769995317
187,0.9579832,0.11835556801194211,0.9160584,0.2799541590816892
188,0.9638009,0.1165452801057155,0.92335767,0.244714255573867
189,0.95604396,0.13034056474074826,0.919708,0.2670068712157272
190,0.9579832,0.1201447192844396,0.9270073,0.2498368695242344
191,0.95604396,0.13077675423307347,0.9270073,0.2614332486664618
192,0.9579832,0.12544049727763565,0.919708,0.2409299046589728
193,0.95992243,0.1139841725822218,0.91240877,0.2648416458234789
194,0.95992243,0.1230132457979009,0.919708,0.23522397236776177
195,0.959276,0.11399780329420402,0.89416057,0.30364164252881043
196,0.9534583,0.13246017997890577,0.9014599,0.3179575840052027
197,0.959276,0.11299804055553987,0.90510947,0.29481374481217054
198,0.95992243,0.1121306270764299,0.9160584,0.2548621830727606
199,0.9573368,0.12910306928577003,0.9160584,0.2473074670364387
200,0.96703297,0.10960019818846072,0.90510947,0.2862009410440487
